

              Su   Sa   Fr   Th   We   Tu   Mo   Su   Sa   Fr   Th   We   Tu   Mo   Su   Sa   Fr   Th   We   Tu   Mo   Su   Sa   Fr   Th   We   Tu   Mo   Su   Sa   Fr   Th   We   Tu   Mo 

Tammuz Jul    16   15   14   13   12   11    ◐    9    8    7    6    5    4    ●    2    1   30   29   28   27    ◑   25   24   23   22   21   20   19    ◯   17   16   15   14   13   12    Jun
Abu    Aug                                       13   12   11   10    9    ◐    7    6    5    4    3    2    ●   31   30   29   28   27   26    ◑   24   23   22   21   20   19   18    ◯    Jul
Elul   Sep                                       10    9    8    7    ◐    5    4    3    2    1    ●   30   29   28   27   26   25    ◑   23   22   21   20   19   18   17    ◯   15   14    Aug
El II  Oct                                        8    7    ◐    5    4    3    2    1   30    ●   28   27   26   25   24    X    ◑   21   20   19   18   17   16    ◯   14   13   12   11    Sep
Tisrei Nov    12   11   10    9    8    7    6    ◐    4    3    2    1   31   30   29    ●   27   26   25   24   23    ◑   21   20   19   18   17   16   15    ◯   13   12   11   10    9    Oct
Samnu  Dec                                       10    9    8    7    6    ◐    4    3    2    1   30   29   28    ●   26   25   24   23   22   21    ◑   19   18   17   16   15   14    ◯    Nov
Kislev Jan                                        7    6    5    ◐    3    2    1   31   30   29   28    ●   26   25   24   23   22   21   20    ◑   18   17   16   15   14   13    ◯   11    Dec
Tebet  Feb                                        4    3    ◐    1   31   30   29   28   27   26    ●   24   23   22   21   20   19    ◑   17   16   15   14   13   12    ◯   10    9    8    Jan
Sabatu Mar                                        ◐    2    1   29   28   27   26   25    ●   23   22   21   20   19   18   17    ◑   15   14   13   12   11   10    ◯    8    7    6    5    Feb
Adar   Apr     7    6    5    4    3    ◐    1   31   30   29   28   27   26    ●   24   23   22   21    X   19   18    ◑   16   15   14   13   12   11    ◯    9    8    7    6    5    4    Mar
Nisan  May                                        5    4    3    2    ◐   30   29   28   27   26   25   24    ●   22   21   20   19   18   17   16    ◑   14   13   12   11   10    9    ◯    Apr
Iyar   Jun                                        2    1   31    ◐   29   28   27   26   25   24    ●   22   21   20   19   18   17   16    ◑   14   13   12   11   10    9    ◯    7    6    May
Sivan                                            30   29    ◐   27   26   25   24   23    ●   21   20   19   18   17   16   15    ◑   13   12   11   10    9    8    7    ◯    5    4    3    Jun
Tammuz Jul                                        ◐   27   26   25   24   23   22    ●   20   19   18   17   16   15   14    ◑   12   11   10    9    8    7    6    ◯    4    3    2    1    Jul
Abu    Sep     1   31   30   29   28   27    ◐   25   24   23   22   21   20    ●   18   17   16   15   14   13    ◑   11   10    9    8    7    6    5    ◯    3    2    1   31   30   29 
Elul                                             29   28   27   26   25    ◐   23    X   21   20   19    ●   17   16   15   14   13   12    ◑   10    9    8    7    6    5    4    ◯    2    Sep
Tisrei Oct                                       27   26   25    ◐   23   22   21   20   19   18    ●   16   15   14   13   12   11    ◑    9    8    7    6    5    4    3    ◯    1   30       
Samnu  Nov                                       24    ◐   22   21   20   19   18   17   16    ●   14   13   12   11   10    ◑    8    7    6    5    4    3    2    ◯   31   30   29   28    Oct
Kislev Dec    29   28   27   26   25   24   23    ◐   21   20   19   18   17   16    ●   14   13   12   11   10    9    ◑    7    6    5    4    3    2    ◯   30   29   28   27   26   25    Nov
Tebet  Jan                                       26   25   24   23   22    ◐   20   19   18   17   16   15   14    ●   12   11   10    9    8    7    ◑    5    4    3    2    1   31    ◯    Dec
Sabatu Feb                                       23   22   21    ◐   19   18   17   16   15   14   13    ●   11   10    9    8    7    6    ◑    4    3    2    1   31   30    ◯   28   27    Jan
Adar   Mar                                       23    ◐   21    X   19   18   17   16   15   ●    13   12   11   10    9    8    7    ◑    5    4    3    2    1    ◯   27   26   25   24    Feb
Nisan  Apr                                       20   19   18   17   16   14    ●   12   11   10    9    8    7    6    ◑    4    3    2    1   31   30   29    ◯   28   27   26   25   24    Mar
Iyar   May    25   24   23   22   21    ◐   19   18   17   16   12   14   13    ●   11   10    9    8    7    6    5    ◑    3    2    1   30   29   28    ◯   26   25   24   23   22    ◐    Apr
Sivan  Jun                                       23   22   21   20   19    ◐   17   16   15   14   13   12    ●   10    9    8    7    6    5    4    ◑    2   31   30   29   28    ◯   26    May
Tammuz Jul                                       22   21   20   19    ◐   17   16   15   14   13   12   11    ●    9    8    7    6    5    4    3    ◑    1   30   27   28   27   26    ◯    Jun
Abu    Aug                                       19   18   17    ◐   15   14   13   12   11   10    ●    8    7    6    5    4    3    2    ◑   31   30   29   28   27   26   25    ◯   23    Jul
Elul   Sep                                       16   15    ◐   13   12   11   10    9    8    ●    6    5    4    3    2    1    ◑   30   29   28   27   26   25   24    ◯   22   21   20    Aug
Tisrei Oct                                       15   14    ◐   12   11   10    9    8    ●    6    5    4    3    2    1   30    ◑   28   27   26   25   23    X    ◯   20   19   18   17    Sep 

              Su   Sa   Fr   Th   We   Tu   Mo   Su   Sa   Fr   Th   We   Tu   Mo   Su   Sa   Fr   Th   We   Tu   Mo   Su   Sa   Fr   Th   We   Tu   Mo   Su   Sa   Fr   Th   We   Tu   Mo 


1 Nisan, Iyar, Sivan, 4 Tammuz, Abu, Elul,
7 Tishrei, Samnu, Kislev, 10 Tebet, Sabatu, Adar

Nisan full moon before equinox, Tishrei full moon before equinox



eqox 20 Mar 21:24 2023,  20 Mar 3:06 2024,  20 Mar 9:01 2025
2023: 23 Sep 6:50, 2024 22 Sep 12:43, 2025 22 Sep 18:19




              Su   Sa   Fr   Th   We   Tu   Mo   Su   Sa   Fr   Th   We   Tu   Mo   Su   Sa   Fr   Th   We   Tu   Mo   Su   Sa   Fr   Th   We   Tu   Mo   Su   Sa   Fr   Th   We   Tu   Mo 

                                                  2    1   30   29   28   27    ◑   25   24   23   22   21   20   19    ◯                                  Jun
Tammuz Jul                                                                          16   15   14   13   12   11    ◐    9    8    7    6    5    4    ● 
                                                                                31  30   29   28   27   26    ◑   24   23   22   21   20   19   18    ◯    Jul
Abu    Aug                                                                  15  14  13   12   11   10    9    ◐    7    6    5    4    3    2    ●
                                                                      30   29   28  27   26   25    ◑   23   22   21   20   19   18   17    ◯              Aug
Elul   Sep                                                       14   13   12   11  10    9    8    7    ◐    5    4    3    2    1    ●    
                                                                 28   27   26   25  24    X    ◑   21   20   19   18   17   16    ◯                        Sep
El II  Oct                                                 13   12   11   10    9    8    7    ◐    5    4    3    2    1   30    ●    
                                                           27   26   25   24   23    ◑   21   20   19   18   17   16   15    ◯                             Oct
Tisrei Nov                                       12   11   10    9    8    7    6    ◐    4    3    2    1   31   30   29    ●    
                                                                                    26   25   24   23   22   21    ◑   19   18   17   16   15   14    ◯    Nov
Samnu  Dec                                                                     11   10    9    8    7    6    ◐    4    3    2    1   30   29   28    ● 
                                                                          26   25   24   23   22   21   20    ◑   18   17   16   15   14   13    ◯         Dec
Kislev Jan                                                           10    9    8    7    6    5    ◐    3    2    1   31   30   29   28    ●    
                                                                     24   23   22   21   20   19    ◑   17   16   15   14   13   12    ◯                   Jan
Tebet  Feb                                                       8    7    6    5    4    3    ◐    1   31   30   29   28   27   26    ●    
                                                           23   22   21   20   19   18   17    ◑   15   14   13   12   11   10    ◯                        Feb
Sabatu Mar                                             9    8    7    6    5    4    ◐    2    1   29   28   27   26   25    ●    
                                                 24   23   22   21    X   19   18    ◑   16   15   14   13   12   11    ◯                                  Mar
Adar   Apr                                                                           7    6    5    4    3    ◐    1   31   30   29   28   27   26    ● 
                                                                               22   21   20   19   18   17   16    ◑   14   13   12   11   10    9    ◯    Apr
Nisan  May                                                                 7    6    5    4    3    2    ◐   30   29   28   27   26   25   24    ●   
                                                                     22   21   20   19   18   17   16    ◑   14   13   12   11   10    9    ◯              May
Iyar   Jun                                                            5    4    3    2    1   31    ◐   29   28   27   26   25   24    ●    
                                                           21   20   19   18   17   16   15    ◑   13   12   11   10    9    8    7    ◯                   Jun
Sivan                                                            4    3    2    1   30   29    ◐   27   26   25   24   23    ●    
                                                      20   19   18   17   16   15   14    ◑   12   11   10    9    8    7    6    ◯                        Jul
Tammuz Jul                                             3    2    1   31   30   29    ◐   27   26   25   24   23   22    ●    
                                                 18   17   16   15   14   13    ◑   11   10    9    8    7    6    5    ◯     
Abu    Sep                                                                      2    1   31   30   29   28   27    ◐   25   24   23   22   21   20    ● 
                                                                          17   16   15   14   13   12    ◑   10    9    8    7    6    5    4    ◯         Sep
Elul                                                                       1   30   29   28   27   26   25    ◐   23    X   21   20   19    ●    
                                                                     16   15   14   13   12   11    ◑    9    8    7    6    5    4    3    ◯          
Tisrei Oct                                                      31   30   29   28   27   26   25    ◐   23   22   21   20   19   18    ●    
                                                                14   13   12   11   10    ◑    8    7    6    5    4    3    2    ◯                        Oct
Samnu  Nov                                            30   29   28   27   26   25   24    ◐   22   21   20   19   18   17   16    ●    
                                                      14   13   12   11   10    9    ◑    7    6    5    4    3    2    ◯                                  Nov
Kislev Dec                                       29   28   27   26   25   24   23    ◐   21   20   19   18   17   16    ●     
                                                                                    12   11   10    9    8    7    ◑    5    4    3    2    1   31    ◯    Dec
Tebet  Jan                                                                28   27   26   25   24   23   22    ◐   20   19   18   17   16   15   14    ● 
                                                                          11   10    9    8    7    6    ◑    4    3    2    1   31   30    ◯              Jan
Sabatu Feb                                                      27   26   25   24   23   22   21    ◐   19   18   17   16   15   14   13    ●    
                                                                13   12   11   10    9    8    7    ◑    5    4    3    2    1    ◯                        Feb
Adar   Mar                                                 28   27   26   25   24   23    ◐   21    X   19   18   17   16   15    ●    
                                                 12   11   10    9    8    7    6    ◑    4    3    2    1   31   30   29    ◯                             Mar
Nisan  Apr                                                                               26   25   24   23   22    ◐   20   19   18   17   16   14    ● 
                                                 11   10    9    8    7    6    5    ◑    3    2    1   30   29   28    ◯                                  Apr
Iyar   May                                                                     26   25   24   23   22   21    ◐   19   18   17   16   12   14   13    ● 
                                                                               10    9    8    7    6    5    4    ◑    2   31   30   29   28    ◯         May
Sivan  Jun                                                                          23   22   21   20   19    ◐   17   16   15   14   13   12    ●   
                                                                                9    8    7    6    5    4    3    ◑    1   30   27   28   27   26    ◯    Jun
Tammuz Jul                                                                     23   22   21   20   19    ◐   17   16   15   14   13   12   11    ●    
                                                                      8    7    6    5    4    3    2    ◑   31   30   29   28   27   26   25    ◯         Jul
Abu    Aug                                                           22   21   20   19   18   17    ◐   15   14   13   12   11   10    ●     
                                                                 6    5    4    3    2    1    ◑   30   29   28   27   26   25   24    ◯                   Aug
Elul   Sep                                                      20   19   18   17   16   15    ◐   13   12   11   10    9    8    ●     
                                                            6    5    4    3    2    1   30    ◑   28   27   26   25   23    X    ◯                        Sep 
Tisrei Oct                                                                          15   14    ◐   12   11   10    9    8    ●     

              Su   Sa   Fr   Th   We   Tu   Mo   Su   Sa   Fr   Th   We   Tu   Mo   Su   Sa   Fr   Th   We   Tu   Mo   Su   Sa   Fr   Th   We   Tu   Mo   Su   Sa   Fr   Th   We   Tu   Mo 

