

              Su   Sa   Fr   Th   We   Tu   Mo   Su   Sa   Fr   Th   We   Tu   Mo 
       24      ◯   17   16   15   14   13   12   11    ◐    9    8    7    6    5    Jun
       Jul     2    1   30   29   28   27    ◑   25   24   23   22   21   20   19     25
       28     16   15   14   13   12   11    ◐    9    8    7    6    5    4    ●    Jul
       30     30   29   28   27   26    ◑   24   23   22   21   20   19   18    ◯     29
       Aug    13   12   11   10    9    ◐    7    6    5    4    3    2    ●   31     31
       34     27   26   25    ◑   23   22   21   20   19   18   17    ◯   15   14    Aug
       Sep    10    9    8    7    ◐    5    4    3    2    1    ●   30   29   28     35
       38     24   23    ◑   21   20   19   18   17   16    ◯   14   13   12   11    Sep
       Oct     8    7    ◐    5    4    3    2    1   30    ●   28   27   26   25     39
       42      ◑   21   20   19   18   17   16   15    ◯   13   12   11   10    9    Oct
       Nov     ◐    4    3    2    1   31   30   29    ●   27   26   25   24   23     43
       46     19   18   17   16   15   14    ◯   12   11   10    9    8    7    6    Nov
       Dec     3    2    1   30   29   28    ●   26   25   24   23   22   21    ◑     47
       50     17   16   15   14   13    ◯   11   10    9    8    7    6    ◐    4    Dec
       52     31   30   29   28    ●   26   25   24   23   22   21   20    ◑   18     51
       Jan    14   13   12    ◯   10    9    8    7    6    5    ◐    3    2    1    Jan
       4      28   27   26    ●   24   23   22   21   20   19    ◑   17   16   15      3
       Feb    11   10    ◯    8    7    6    5    4    3    ◐    1   31   30   29      5
       8      25    ●   23   22   21   20   19   18   17    ◑   15   14   13   12    Feb
       Mar     ◯    9    8    7    6    5    4    ◐    2    1   29   28   27   26      9
       12     24   23   22   21   20   19   18    ◑   16   15   14   13   12   11    Mar
       Apr     7    6    5    4    3    ◐    1   31   30   29   28   27   26    ●     13
       16     21   20   19   18   17   16    ◑   14   13   12   11   10    9    ◯    Apr
       May     5    4    3    2    ◐   30   29   28   27   26   25   24    ●   22     17
       20     19   18   17   16    ◑   14   13   12   11   10    9    ◯    7    6    May
       Jun     2    1   31    ◐   29   28   27   26   25   24    ●   22   21   20     21
       24     16   15    ◑   13   12   11   10    9    8    7    ◯    5    4    3    Jun
       26     30   29    ◐   27   26   25   24   23    ●   21   20   19   18   17     25
       Jul    14    ◑   12   11   10    9    8    7    6    ◯    4    3    2    1    Jul
       30      ◐   27   26   25   24   23   22    ●   20   19   18   17   16   15     29
       Aug    11   10    9    8    7    6    5    ◯    3    2    1   31   30   29     31
       34     25   24   23   22   21   20    ●   18   17   16   15   14   13    ◑    Aug
       Sep     8    7    6    5    4    ◯    2    1   31   30   29   28   27    ◐     35
       38     22   21   20   19    ●   17   16   15   14   13   12    ◑   10    9    Sep
       Oct     6    5    4    3    ◯    1   30   29   28   27   26   25    ◐   23     39
       42     20   19   18    ●   16   15   14   13   12   11    ◑    9    8    7    Oct
       Nov     3    2    ◯   31   30   29   28   27   26   25    ◐   23   22   21     43
       46     17   16    ●   14   13   12   11   10    ◑    8    7    6    5    4    Nov
       Dec     ◯   30   29   28   27   26   25   24    ◐   22   21   20   19   18     47
       50      ●   14   13   12   11   10    9    ◑    7    6    5    4    3    2    Dec
       52     29   28   27   26   25   24   23    ◐   21   20   19   18   17   16     51
       Jan    12   11   10    9    8    7    ◑    5    4    3    2    1   31    ◯      1
       4      26   25   24   23   22    ◐   20   19   18   17   16   15   14    ●    Jan
       Feb     9    8    7    6    ◑    4    3    2    1   31   30    ◯   28   27      5
              Su   Sa   Fr   Th   We   Tu   Mo   Su   Sa   Fr   Th   We   Tu   Mo 


